51 160 160 61 60 60 60 60 60 60
51 160 160 61 60 60 60 60 60 60
51 160 160 61 60 60 60 60 60 60
51 160 160 61 60 60 60 60 60 60
51 160 160 61 60 60 60 60 60 60
51 160 160 61 60 60 60 60 60 60
51 160 160 61 60 60 60 60 60 60
51 160 160 61 60 60 60 60 60 60
51 160 160 61 60 60 60 60 60 60
26 105 37 37 37 37 35 27 26 26
47 158 137 58 58 58 58 57 48 47
47 158 137 58 58 58 58 57 48 47
47 158 137 58 58 58 58 57 48 47
47 158 137 58 58 58 58 57 48 47
47 158 137 58 58 58 58 57 48 47
47 158 137 58 58 58 58 57 48 47
47 158 136 58 58 58 58 56 47 47
44 155 103 55 53 45 45 45 44 44
26 105 37 37 37 37 35 27 26 26
0 1 0 0 0 0 0 0 0 0
0 1 1 1 1 1 1 0 0 0
0 1 1 0 0 0 0 0 0 0
0 1 1 0 0 0 0 0 0 0
0 1 0 0 0 0 0 0 0 0
0 1 0 0 0 0 0 0 0 0
0 1 0 0 0 0 0 0 0 0
0 1 0 0 0 0 0 0 0 0
0 1 0 0 0 0 0 0 0 0
0 1 0 0 0 0 0 0 0 0
0 1 1 1 1 1 1 1 1 1
2 12 3 2 2 2 2 2 2 2
2 12 3 2 2 2 2 2 2 2
2 12 3 2 2 2 2 2 2 2
2 12 3 2 2 2 2 2 2 2
2 12 3 2 2 2 2 2 2 2
2 12 3 2 2 2 2 2 2 2
2 12 3 2 2 2 2 2 2 2
2 12 3 2 2 2 2 2 2 2
2 12 3 2 2 2 2 2 2 2
0 1 1 1 1 1 1 0 0 0
1 10 2 2 2 2 2 2 1 1
1 10 2 2 2 2 2 2 1 1
1 10 2 2 2 2 2 2 1 1
1 10 2 2 2 2 2 2 1 1
1 10 2 2 2 2 2 2 1 1
1 5 2 1 1 1 1 1 1 1
0 1 1 1 1 1 1 0 0 0
0 1 1 1 1 1 1 0 0 0
0 1 1 1 1 1 1 0 0 0
22 59 29 23 23 23 22 22 22 22
43 154 91 51 44 44 44 43 43 43
43 154 91 51 44 44 44 43 43 43
43 154 91 51 44 44 44 43 43 43
43 154 91 51 44 44 44 43 43 43
43 153 84 44 43 43 43 43 43 43
28 119 38 38 38 38 38 38 29 28
22 59 29 23 23 23 22 22 22 22
22 59 29 23 23 23 22 22 22 22
22 59 29 23 23 23 22 22 22 22
4 15 15 15 13 5 5 5 4 4
25 95 36 36 36 35 26 26 26 25
23 69 34 29 24 23 23 23 23 23
5 16 16 16 16 15 6 6 6 5
5 16 16 16 16 15 6 6 6 5
5 16 16 16 16 15 6 6 6 5
5 16 16 16 16 14 6 6 5 5
5 16 16 16 15 9 5 5 5 5
4 15 15 15 13 5 5 5 4 4
4 15 15 15 13 5 5 5 4 4
6 17 17 17 17 16 11 6 6 6
27 114 38 38 38 38 37 33 27 27
27 114 38 38 38 38 37 33 27 27
22 55 24 22 22 22 22 22 22 22
7 18 17 17 17 17 17 9 7 7
6 17 17 17 17 17 12 6 6 6
6 17 17 17 17 16 11 6 6 6
6 17 17 17 17 16 11 6 6 6
6 17 17 17 17 16 11 6 6 6
6 17 17 17 17 16 11 6 6 6
17 28 21 21 21 21 21 20 20 20
41 150 60 42 42 42 42 42 41 41
41 150 60 42 42 42 42 42 41 41
41 150 60 42 42 42 42 42 41 41
41 150 60 42 42 42 42 42 41 41
28 125 39 39 39 39 38 38 34 28
21 44 22 22 22 22 21 21 21 21
18 29 21 21 21 21 21 21 20 20
17 28 21 21 21 21 21 20 20 20
17 28 21 21 21 21 21 20 20 20
24 84 35 35 34 25 25 25 25 24
45 156 116 56 56 56 46 46 46 46
45 156 116 56 56 56 46 46 46 46
45 156 116 56 56 56 46 46 46 46
45 156 116 56 56 56 46 46 46 46
45 156 116 56 56 56 46 46 46 46
45 156 116 56 56 56 46 46 46 46
44 155 105 55 55 45 45 45 45 45
25 96 36 36 36 36 26 26 26 26
24 85 35 35 35 25 25 25 25 25
1 4 1 1 1 1 1 1 1 1
2 13 4 2 2 2 2 2 2 2
2 12 3 2 2 2 2 2 2 2
2 12 3 2 2 2 2 2 2 2
2 12 3 2 2 2 2 2 2 2
2 12 3 2 2 2 2 2 2 2
2 12 3 2 2 2 2 2 2 2
2 12 3 2 2 2 2 2 2 2
2 12 3 2 2 2 2 2 2 2
2 12 3 2 2 2 2 2 2 2
4 15 15 15 15 5 5 5 5 5
25 96 36 36 36 36 26 26 26 26
25 86 35 35 35 26 25 25 25 25
5 16 16 16 16 16 6 6 6 6
5 16 16 16 16 16 6 6 6 6
5 16 16 16 16 16 6 6 6 6
5 16 16 16 16 16 6 6 6 6
5 16 16 16 16 16 6 6 6 6
5 16 16 16 16 16 6 6 6 6
5 15 15 15 15 6 5 5 5 5
25 88 35 35 35 27 25 25 25 25
46 156 117 56 56 56 47 46 46 46
46 156 117 56 56 56 47 46 46 46
46 156 117 56 56 56 47 46 46 46
46 156 117 56 56 56 47 46 46 46
46 156 117 56 56 56 47 46 46 46
46 156 117 56 56 56 47 46 46 46
46 156 117 56 56 56 47 46 46 46
26 99 36 36 36 36 28 26 26 26
26 97 36 36 36 36 27 26 26 26
0 1 1 1 0 0 0 0 0 0
1 7 2 2 2 1 1 1 1 1
1 7 2 2 2 1 1 1 1 1
0 1 1 1 1 1 1 1 1 0
0 1 1 1 0 0 0 0 0 0
0 1 1 1 0 0 0 0 0 0
0 1 1 1 0 0 0 0 0 0
0 1 1 1 0 0 0 0 0 0
0 1 1 1 0 0 0 0 0 0
0 1 1 1 0 0 0 0 0 0
1 5 2 1 1 1 1 1 1 1
2 13 7 3 2 2 2 2 2 2
2 12 3 2 2 2 2 2 2 2
2 12 3 2 2 2 2 2 2 2
2 12 3 2 2 2 2 2 2 2
2 12 3 2 2 2 2 2 2 2
2 12 3 2 2 2 2 2 2 2
2 12 3 2 2 2 2 2 2 2
2 12 3 2 2 2 2 2 2 2
2 12 3 2 2 2 2 2 2 2
8 19 19 19 18 18 18 18 12 8
29 135 40 40 40 39 39 39 39 34
29 135 40 40 40 39 39 39 39 34
28 126 39 39 39 39 39 38 35 28
21 46 22 22 22 22 22 21 21 21
8 19 19 19 18 18 18 18 12 8
8 19 19 19 18 18 18 18 12 8
8 19 19 19 18 18 18 18 12 8
8 19 19 19 18 18 18 18 12 8
8 19 19 19 18 18 18 18 12 8
0 1 0 0 0 0 0 0 0 0
1 2 1 1 1 1 1 1 1 1
0 1 1 0 0 0 0 0 0 0
0 1 1 0 0 0 0 0 0 0
0 1 1 0 0 0 0 0 0 0
0 1 1 0 0 0 0 0 0 0
0 1 1 0 0 0 0 0 0 0
0 1 1 0 0 0 0 0 0 0
0 1 0 0 0 0 0 0 0 0
0 1 0 0 0 0 0 0 0 0
0 1 1 1 0 0 0 0 0 0
1 7 2 2 2 1 1 1 1 1
1 7 2 2 2 1 1 1 1 1
1 6 2 2 1 1 1 1 1 1
0 1 1 1 1 0 0 0 0 0
0 1 1 1 1 0 0 0 0 0
0 1 1 1 1 0 0 0 0 0
0 1 1 1 1 0 0 0 0 0
0 1 1 1 1 0 0 0 0 0
0 1 1 1 0 0 0 0 0 0
0 1 1 1 1 1 1 1 1 0
1 12 2 2 2 2 2 2 2 2
1 12 2 2 2 2 2 2 2 2
1 12 2 2 2 2 2 2 2 2
1 12 2 2 2 2 2 2 2 2
1 12 2 2 2 2 2 2 2 2
1 12 2 2 2 2 2 2 2 2
1 12 2 2 2 2 2 2 2 2
1 12 2 2 2 2 2 2 2 2
0 1 1 1 1 1 1 1 1 1
